0 0.15384615384615385 0.5949519230769231 0.11298076923076923 0.21153846153846154
0 0.32572115384615385 0.3233173076923077 0.234375 0.13221153846153846
0 0.32572115384615385 0.07091346153846154 0.23317307692307693 0.12980769230769232
0 0.3269230769230769 0.19591346153846154 0.22956730769230768 0.1201923076923077
0 0.3245192307692308 0.7512019230769231 0.21875 0.13822115384615385
0 0.3293269230769231 0.6057692307692307 0.22716346153846154 0.12980769230769232
0 0.3329326923076923 0.46875 0.234375 0.13942307692307693
0 0.3317307692307692 0.8858173076923077 0.2283653846153846 0.13822115384615385
0 0.5228365384615384 0.8617788461538461 0.13701923076923078 0.10336538461538461
0 0.5120192307692307 0.7764423076923077 0.11177884615384616 0.09375
0 0.5480769230769231 0.5853365384615384 0.18269230769230768 0.12139423076923077
0 0.5540865384615384 0.20192307692307693 0.1935096153846154 0.11177884615384616
0 0.5540865384615384 0.33533653846153844 0.1935096153846154 0.109375
0 0.5540865384615384 0.4543269230769231 0.1935096153846154 0.12139423076923077
0 0.5552884615384616 0.0889423076923077 0.19591346153846154 0.12139423076923077
0 0.7259615384615384 0.5600961538461539 0.20793269230769232 0.13341346153846154
0 0.7427884615384616 0.8413461538461539 0.15985576923076922 0.30649038461538464
0 0.703125 0.7980769230769231 0.07211538461538461 0.14783653846153846
0 0.7536057692307693 0.484375 0.13581730769230768 0.15144230769230768
0 0.7548076923076923 0.6658653846153846 0.11298076923076923 0.0733173076923077
0 0.765625 0.06370192307692307 0.1310096153846154 0.12740384615384615
0 0.7644230769230769 0.32091346153846156 0.12379807692307693 0.14543269230769232
0 0.7668269230769231 0.1875 0.11658653846153846 0.12379807692307693
0 0.8846153846153846 0.5901442307692307 0.08774038461538461 0.14903846153846154
0 0.9507211538461539 0.5348557692307693 0.030048076923076924 0.16826923076923078