0 0.013221153846153846 0.4362980769230769 0.026442307692307692 0.10697115384615384
0 0.04447115384615385 0.9519230769230769 0.0889423076923077 0.09495192307692307
0 0.14302884615384615 0.12620192307692307 0.2860576923076923 0.06370192307692307
0 0.14903846153846154 0.671875 0.2980769230769231 0.16826923076923078
0 0.018028846153846152 0.5769230769230769 0.03365384615384615 0.10697115384615384
0 0.14543269230769232 0.05889423076923077 0.28966346153846156 0.056490384615384616
0 0.14302884615384615 0.3088942307692308 0.2776442307692308 0.1045673076923077
0 0.037259615384615384 0.8774038461538461 0.06129807692307692 0.12740384615384615
0 0.14783653846153846 0.21153846153846154 0.2800480769230769 0.0829326923076923
0 0.16105769230769232 0.4170673076923077 0.27884615384615385 0.1045673076923077
0 0.14783653846153846 0.5288461538461539 0.23317307692307693 0.1141826923076923
0 0.15144230769230768 0.7884615384615384 0.140625 0.09375
0 0.2824519230769231 0.5396634615384616 0.07932692307692307 0.26322115384615385
0 0.31850961538461536 0.8786057692307693 0.11899038461538461 0.23197115384615385
0 0.31009615384615385 0.25 0.07211538461538461 0.10697115384615384
0 0.30649038461538464 0.16346153846153846 0.06129807692307692 0.07211538461538461
0 0.31490384615384615 0.3557692307692308 0.07932692307692307 0.10817307692307693
0 0.3088942307692308 0.0733173076923077 0.056490384615384616 0.14302884615384615
0 0.34375 0.5961538461538461 0.055288461538461536 0.13822115384615385
0 0.34375 0.6478365384615384 0.04447115384615385 0.09975961538461539
0 0.6117788461538461 0.7427884615384616 0.43149038461538464 0.5132211538461539
0 0.5276442307692307 0.028846153846153848 0.19110576923076922 0.056490384615384616
0 0.6069711538461539 0.07692307692307693 0.140625 0.14302884615384615
0 0.6105769230769231 0.15745192307692307 0.1346153846153846 0.08774038461538461
0 0.6141826923076923 0.375 0.13822115384615385 0.07932692307692307
0 0.6129807692307693 0.22596153846153846 0.1346153846153846 0.07211538461538461
0 0.6177884615384616 0.29086538461538464 0.12620192307692307 0.06129807692307692
0 0.6213942307692307 0.4483173076923077 0.12379807692307693 0.07692307692307693
0 0.625 0.5264423076923077 0.12620192307692307 0.09615384615384616
0 0.6622596153846154 0.6153846153846154 0.06490384615384616 0.07091346153846154
0 0.796875 0.15985576923076922 0.03365384615384615 0.1346153846153846
0 0.7992788461538461 0.25961538461538464 0.03485576923076923 0.06971153846153846
0 0.7992788461538461 0.3389423076923077 0.026442307692307692 0.08653846153846154
0 0.796875 0.39663461538461536 0.019230769230769232 0.025240384615384616
0 0.8966346153846154 0.046875 0.20673076923076922 0.0673076923076923
0 0.8425480769230769 0.11658653846153846 0.06490384615384616 0.0625
0 0.8942307692307693 0.18269230769230768 0.1658653846153846 0.09014423076923077
0 0.8882211538461539 0.2848557692307692 0.14423076923076922 0.1045673076923077
0 0.8942307692307693 0.3858173076923077 0.15384615384615385 0.08533653846153846
0 0.8930288461538461 0.09975961538461539 0.057692307692307696 0.0829326923076923
0 0.9182692307692307 0.4567307692307692 0.08774038461538461 0.039663461538461536
0 0.9375 0.6069711538461539 0.12139423076923077 0.27403846153846156
0 0.9387019230769231 0.08533653846153846 0.055288461538461536 0.08413461538461539