0 0.018028846153846152 0.1141826923076923 0.03485576923076923 0.06850961538461539
0 0.021634615384615384 0.19591346153846154 0.042067307692307696 0.0889423076923077
0 0.021634615384615384 0.3016826923076923 0.042067307692307696 0.07451923076923077
0 0.019230769230769232 0.02283653846153846 0.037259615384615384 0.04567307692307692
0 0.025240384615384616 0.38221153846153844 0.04807692307692308 0.09134615384615384
0 0.4362980769230769 0.23677884615384615 0.21875 0.10216346153846154
0 0.44711538461538464 0.12259615384615384 0.2283653846153846 0.13942307692307693
0 0.4411057692307692 0.03485576923076923 0.21033653846153846 0.06370192307692307
0 0.9206730769230769 0.6213942307692307 0.15745192307692307 0.15384615384615385
0 0.9362980769230769 0.484375 0.12620192307692307 0.1466346153846154
0 0.9855769230769231 0.18509615384615385 0.027644230769230768 0.1141826923076923