0 0.026442307692307692 0.23918269230769232 0.052884615384615384 0.10336538461538461
0 0.040865384615384616 0.47475961538461536 0.08173076923076923 0.04447115384615385
0 0.042067307692307696 0.5228365384615384 0.08413461538461539 0.0625
0 0.06370192307692307 0.3918269230769231 0.12740384615384615 0.07932692307692307
0 0.07932692307692307 0.7319711538461539 0.15865384615384615 0.1814903846153846
0 0.09014423076923077 0.328125 0.09134615384615384 0.06971153846153846
0 0.09615384615384616 0.26802884615384615 0.0889423076923077 0.09615384615384616
0 0.11057692307692307 0.5961538461538461 0.04567307692307692 0.09014423076923077
0 0.24879807692307693 0.45913461538461536 0.16346153846153846 0.39783653846153844
0 0.3641826923076923 0.4891826923076923 0.054086538461538464 0.23677884615384615
0 0.7235576923076923 0.6057692307692307 0.24639423076923078 0.09735576923076923
0 0.6923076923076923 0.4651442307692308 0.021634615384615384 0.22115384615384615
0 0.7788461538461539 0.9399038461538461 0.13822115384615385 0.11778846153846154
0 0.7644230769230769 0.453125 0.07091346153846154 0.28125
0 0.9362980769230769 0.49399038461538464 0.12620192307692307 0.6358173076923077
0 0.9302884615384616 0.8521634615384616 0.10216346153846154 0.07932692307692307