0 0.06850961538461539 0.1141826923076923 0.021634615384615384 0.2283653846153846
0 0.09014423076923077 0.11057692307692307 0.03365384615384615 0.22115384615384615
0 0.11899038461538461 0.46153846153846156 0.07451923076923077 0.38341346153846156
0 0.09975961538461539 0.11899038461538461 0.026442307692307692 0.23677884615384615
0 0.12740384615384615 0.11538461538461539 0.015625 0.23076923076923078
0 0.16466346153846154 0.4483173076923077 0.0733173076923077 0.3401442307692308
0 0.14543269230769232 0.11057692307692307 0.027644230769230768 0.22115384615384615
0 0.17067307692307693 0.11057692307692307 0.02283653846153846 0.22115384615384615
0 0.20673076923076922 0.45913461538461536 0.07091346153846154 0.3245192307692308
0 0.18990384615384615 0.11899038461538461 0.019230769230769232 0.23677884615384615
0 0.20793269230769232 0.11778846153846154 0.02283653846153846 0.23557692307692307
0 0.21634615384615385 0.515625 0.03365384615384615 0.21754807692307693
0 0.22956730769230768 0.5024038461538461 0.027644230769230768 0.26802884615384615
0 0.23317307692307693 0.11778846153846154 0.01201923076923077 0.23557692307692307
0 0.24278846153846154 0.5180288461538461 0.026442307692307692 0.29927884615384615
0 0.2536057692307692 0.11899038461538461 0.021634615384615384 0.23677884615384615
0 0.26802884615384615 0.5072115384615384 0.03365384615384615 0.28966346153846156
0 0.2764423076923077 0.12379807692307693 0.015625 0.23798076923076922
0 0.3076923076923077 0.49158653846153844 0.05048076923076923 0.36177884615384615
0 0.2980769230769231 0.1201923076923077 0.019230769230769232 0.2403846153846154
0 0.3233173076923077 0.49158653846153844 0.039663461538461536 0.36538461538461536
0 0.3161057692307692 0.12379807692307693 0.021634615384615384 0.24759615384615385
0 0.3401442307692308 0.12740384615384615 0.014423076923076924 0.2548076923076923
0 0.36658653846153844 0.5096153846153846 0.056490384615384616 0.35096153846153844
0 0.359375 0.5733173076923077 0.020432692307692308 0.2608173076923077
0 0.3605769230769231 0.12740384615384615 0.015625 0.2548076923076923
0 0.3786057692307692 0.12860576923076922 0.021634615384615384 0.25721153846153844
0 0.38221153846153844 0.5528846153846154 0.02283653846153846 0.29927884615384615
0 0.39663461538461536 0.12860576923076922 0.014423076923076924 0.25721153846153844
0 0.3954326923076923 0.5637019230769231 0.009615384615384616 0.2800480769230769
0 0.4170673076923077 0.5637019230769231 0.02403846153846154 0.28365384615384615
0 0.4170673076923077 0.12980769230769232 0.021634615384615384 0.25961538461538464
0 0.45072115384615385 0.5264423076923077 0.05048076923076923 0.38221153846153844
0 0.4411057692307692 0.1310096153846154 0.009615384615384616 0.2620192307692308
0 0.4567307692307692 0.13221153846153846 0.013221153846153846 0.2644230769230769
0 0.4795673076923077 0.5492788461538461 0.05048076923076923 0.34134615384615385
0 0.4735576923076923 0.1310096153846154 0.02403846153846154 0.2620192307692308
0 0.49038461538461536 0.12860576923076922 0.02403846153846154 0.25721153846153844
0 0.5096153846153846 0.5564903846153846 0.04927884615384615 0.3269230769230769
0 0.5132211538461539 0.12860576923076922 0.016826923076923076 0.25721153846153844
0 0.5384615384615384 0.5588942307692307 0.052884615384615384 0.31490384615384615
0 0.5384615384615384 0.13822115384615385 0.02403846153846154 0.2764423076923077
0 0.5612980769230769 0.5685096153846154 0.04807692307692308 0.34375
0 0.5612980769230769 0.13822115384615385 0.021634615384615384 0.2764423076923077
0 0.578125 0.5793269230769231 0.018028846153846152 0.31009615384615385
0 0.5829326923076923 0.14182692307692307 0.02283653846153846 0.28365384615384615
0 0.6045673076923077 0.140625 0.020432692307692308 0.2800480769230769
0 0.6201923076923077 0.5444711538461539 0.051682692307692304 0.3737980769230769
0 0.6346153846153846 0.5408653846153846 0.06370192307692307 0.3701923076923077
0 0.6298076923076923 0.140625 0.027644230769230768 0.2800480769230769
0 0.65625 0.5552884615384616 0.05048076923076923 0.3701923076923077
0 0.6454326923076923 0.13942307692307693 0.025240384615384616 0.2776442307692308
0 0.6634615384615384 0.5673076923076923 0.03245192307692308 0.34615384615384615
0 0.6658653846153846 0.14423076923076922 0.019230769230769232 0.28846153846153844
0 0.6935096153846154 0.14543269230769232 0.03485576923076923 0.29086538461538464
0 0.7127403846153846 0.5564903846153846 0.0733173076923077 0.3641826923076923
0 0.7139423076923077 0.14543269230769232 0.03365384615384615 0.29086538461538464
0 0.7367788461538461 0.5805288461538461 0.04326923076923077 0.3245192307692308
0 0.7427884615384616 0.14903846153846154 0.028846153846153848 0.2980769230769231
0 0.7716346153846154 0.5600961538461539 0.04807692307692308 0.3894230769230769
0 0.7704326923076923 0.15264423076923078 0.03485576923076923 0.30528846153846156
0 0.7848557692307693 0.6021634615384616 0.042067307692307696 0.3125
0 0.8076923076923077 0.5528846153846154 0.054086538461538464 0.4182692307692308
0 0.8004807692307693 0.15144230769230768 0.025240384615384616 0.30288461538461536
0 0.8233173076923077 0.5757211538461539 0.05048076923076923 0.41586538461538464
0 0.8245192307692307 0.14903846153846154 0.02403846153846154 0.2980769230769231
0 0.84375 0.5949519230769231 0.05889423076923077 0.37259615384615385
0 0.8485576923076923 0.15504807692307693 0.038461538461538464 0.3088942307692308
0 0.875 0.6346153846153846 0.051682692307692304 0.3016826923076923
0 0.8822115384615384 0.15504807692307693 0.03365384615384615 0.31009615384615385
0 0.9086538461538461 0.5625 0.06490384615384616 0.4375
0 0.9098557692307693 0.15504807692307693 0.021634615384615384 0.31009615384615385
0 0.9302884615384616 0.15985576923076922 0.007211538461538462 0.31850961538461536
0 0.9555288461538461 0.5685096153846154 0.04326923076923077 0.3918269230769231
0 0.953125 0.16105769230769232 0.030048076923076924 0.32091346153846156
0 0.96875 0.6021634615384616 0.06129807692307692 0.40625
0 0.984375 0.15985576923076922 0.028846153846153848 0.31850961538461536