0 0.41586538461538464 0.08774038461538461 0.078125 0.07091346153846154
0 0.421875 0.16826923076923078 0.078125 0.08173076923076923
0 0.42427884615384615 0.3329326923076923 0.0673076923076923 0.07091346153846154
0 0.4326923076923077 0.4206730769230769 0.03485576923076923 0.05048076923076923
0 0.5 0.09014423076923077 0.09014423076923077 0.0829326923076923
0 0.5060096153846154 0.1778846153846154 0.08774038461538461 0.08173076923076923
0 0.5108173076923077 0.2608173076923077 0.08774038461538461 0.07091346153846154
0 0.6778846153846154 0.3137019230769231 0.07091346153846154 0.051682692307692304
0 0.6875 0.17548076923076922 0.08173076923076923 0.07091346153846154
0 0.6899038461538461 0.1045673076923077 0.08653846153846154 0.05889423076923077
0 0.8617788461538461 0.23677884615384615 0.0889423076923077 0.056490384615384616
0 0.8653846153846154 0.17548076923076922 0.09014423076923077 0.05889423076923077
0 0.8689903846153846 0.11899038461538461 0.09254807692307693 0.06610576923076923