5 0.14379913792498006 0.5294374372459869 0.2875982758499601 0.18965780076822547
5 0.20447959905210517 0.6797815959978426 0.2793023180303493 0.24064709068231735
5 0.8261041960327866 0.5856355325664608 0.29888707195929065 0.226086623699004
5 0.7399419100531412 0.6953624146332079 0.246635367244561 0.24205246042459247
5 0.29242690116180103 0.7827218102676223 0.2662972038861602 0.2960782191310198
5 0.556016366215613 0.7790391310506942 0.22207632299274813 0.31714099163225706
5 0.4610358916467791 0.14105885346107444 0.152885367244561 0.2371392311168074
5 0.6900149162538849 0.1274998852345658 0.2472175641014079 0.2545524604245925
5 0.293953245451886 0.21450075474969837 0.20630146567298446 0.246173394391219
5 0.17459746981132288 0.31739446065173516 0.2686173751024439 0.2120307677515388
5 0.8065773699351574 0.23517518713444513 0.2880223465663967 0.22707591361309581
5 0.8451025607961482 0.3952595160581175 0.2770463052100677 0.19220959068231736
