5 0.16640625 0.49765625 0.26328125 0.14453125
5 0.215625 0.65859375 0.246875 0.19765625
5 0.8421875 0.67421875 0.278125 0.17890625
5 0.74375 0.76796875 0.2125 0.20546875
5 0.29453125 0.77734375 0.2234375 0.25703125
5 0.55546875 0.81953125 0.17421875 0.2875
5 0.509375 0.1640625 0.1171875 0.21640625
5 0.7375 0.190625 0.2109375 0.21875
5 0.3390625 0.20859375 0.16953125 0.21640625
5 0.21328125 0.290625 0.240625 0.1703125
5 0.84453125 0.31875 0.25859375 0.18203125
5 0.871875 0.48671875 0.25625 0.1484375
