5 0.73046875 0.35 0.2203125 0.1890625
5 0.21484375 0.35546875 0.24140625 0.13984375
5 0.76484375 0.4375 0.2546875 0.14453125
5 0.4671875 0.48984375 0.23828125 0.12734375
5 0.2015625 0.48984375 0.2453125 0.1359375
5 0.49375 0.5421875 0.25078125 0.1484375
5 0.759375 0.5734375 0.25 0.15703125
5 0.20859375 0.61640625 0.2484375 0.15234375
5 0.74375 0.70234375 0.2609375 0.19609375
5 0.23828125 0.71328125 0.23046875 0.21796875
5 0.1078125 0.77578125 0.15703125 0.26484375
5 0.6890625 0.78203125 0.2171875 0.2578125
5 0.32109375 0.790625 0.18984375 0.26953125
5 0.58671875 0.81015625 0.15390625 0.271875
5 0.44296875 0.81484375 0.14453125 0.27421875
5 0.80625 0.884375 0.2796875 0.16875
5 0.23125 0.165625 0.23046875 0.14296875
5 0.57890625 0.23046875 0.13984375 0.23125
5 0.45390625 0.23828125 0.13125 0.22890625
5 0.34375 0.253125 0.15546875 0.221875
5 0.825 0.25859375 0.1375 0.225
5 0.6640625 0.278125 0.178125 0.21953125
5 0.25625 0.28828125 0.209375 0.19453125
