5 0.7126086887153444 0.3277583034293138 0.24754102191409721 0.2200237880330894
5 0.20458372889338636 0.39917493869349874 0.2608125892845374 0.17487492003499838
5 0.7609155495102374 0.41033499343567714 0.2749841834403387 0.18128855203690736
5 0.47503832507778265 0.4999583780633152 0.25590690097293456 0.1623203760343621
5 0.21239800324311559 0.5336135733609078 0.26544554220663674 0.17180446403563465
5 0.5094775547852431 0.5487867767345423 0.27191373051823947 0.18437718936981645
5 0.7765559606294418 0.5456457847708134 0.2720773717519416 0.19375218936981647
5 0.23878499958966765 0.6581141340308623 0.2704330511350904 0.18904650803627093
5 0.7811634143623201 0.6753605567711316 0.28997398376465033 0.23457718403881636
5 0.28336288838773765 0.750801620703362 0.2621489926931041 0.25143742003499836
5 0.16444133887420503 0.8290891580203628 0.1971512840889619 0.2866113040260899
5 0.7397083457740639 0.7615793200986319 0.2565535576279121 0.28886469470081655
5 0.3774634902541768 0.8167271600493159 0.2301274253226639 0.29636811203054414
5 0.6427884813257231 0.8026304867520416 0.19569787824476315 0.292843122692544
5 0.5018049711794533 0.8252038260661788 0.1863501517837136 0.2942965346912715
5 0.8595342816533298 0.8474270081158128 0.2809314366933403 0.2096680907065437
5 0.19110010714144487 0.20843176002545336 0.2514648628234878 0.17632833203372575
5 0.5444978425309482 0.2281657414067239 0.17464899269310408 0.2504192653564535
5 0.4222779691541538 0.2517385067234065 0.1667819456152035 0.2472033586887262
5 0.3157785531636853 0.28096183537554353 0.18857512499835244 0.24277039735836253
5 0.792044998375147 0.2247974827736769 0.17141489853730257 0.24413290268936255
5 0.6357501339268061 0.2651577587523597 0.21047739853730274 0.2445874360279987
5 0.23456550933219553 0.32688231536440765 0.23824784253094827 0.2246022000318167
