5 0.21869119787579366 0.33351413144438113 0.3587291084715548 0.3142614071475437
5 0.17546469243226384 0.4972609550566466 0.3509293848645277 0.19908207612090437
5 0.7829115075883545 0.566127585055334 0.3682739415410804 0.21320824311709874
5 0.7323395430860205 0.7181556586675996 0.358547252045064 0.30801140714754355
5 0.18008672129926567 0.6925243755128822 0.3523881802583094 0.310881739162766
5 0.6268049454350182 0.7967661369187697 0.27750785220334856 0.36557455634924096
5 0.3013192121280656 0.7733353182122391 0.24037156505633 0.37654654844057556
5 0.4493104312492532 0.8173824540680634 0.24653063684308485 0.36523509186387315
5 0.5158282738191834 0.22907727672892672 0.2405534214828208 0.38279654844057553
5 0.6620895083797772 0.25615572437119954 0.3080137061225569 0.3949092292769344
5 0.3342001891003051 0.26156748866847457 0.25094535220334857 0.36449221741393634
5 0.7789156440357277 0.3539949995800705 0.36558686223247855 0.2817672421285156
