5 0.5758986001817141 0.35098894480112924 0.16656778154634874 0.19960235389503395
5 0.4163598258714546 0.3513320438281945 0.18860655585660827 0.20310918344033874
5 0.15135230156119509 0.34983417897611185 0.20260710085908262 0.11281146590774291
5 0.8337586878118138 0.3844226022668856 0.2109994549975255 0.09422510714144491
5 0.36188700983808103 0.3910433802733581 0.19503361827193721 0.14702282467404082
5 0.6218385419502568 0.3994906745085897 0.22068871551297525 0.15995920129724617
5 0.10998973541425024 0.39446484050235336 0.21997947082850047 0.08970124837514692
5 0.8399843543655855 0.4595998802700628 0.23616322930778538 0.09778648376465035
5 0.3194295149264637 0.4700626785690748 0.2259627137039529 0.11165806899199797
5 0.10524912511357132 0.4693421095770768 0.21049825022714264 0.08663079545304768
5 0.6125720053155252 0.516623627430689 0.22587418249628843 0.13975579545304767
5 0.827709004411014 0.5446197625753111 0.24190861827193721 0.14784103084255093
5 0.10214957994175478 0.534898925729701 0.20429915988350955 0.13038079545304768
5 0.3443708819552055 0.5760632625786064 0.23564533016686778 0.20705238960884884
5 0.5639463975590376 0.5939713315706043 0.20234150723608924 0.19710464529089186
5 0.8121825016974806 0.6170714610331836 0.24108974672063965 0.13221603084255093
5 0.4234918159218319 0.6181064866040241 0.1470675090451115 0.24453302434972918
5 0.11461528041672461 0.6134057552750057 0.22923056083344923 0.16497398376465036
5 0.7676711838550848 0.7054384857899499 0.24205910447712728 0.21028648376465037
5 0.13976086782171127 0.7351404334403387 0.26187363749381404 0.23092626623205453
5 0.6847934068312919 0.7798424220729577 0.21442542740790582 0.21917056006354407
5 0.5985350022633076 0.8143071509696395 0.17856317051050077 0.24976599512873604
5 0.21021280868574266 0.8083109265404799 0.18348968792335532 0.2841955422066366
5 0.5081213642036666 0.8385338092494699 0.1413907191310198 0.25536143019392765
5 0.2932399926523691 0.8504223344132734 0.16392081637205785 0.2682432597392328
5 0.4076333632991555 0.8610206895261235 0.12913638059640906 0.25983074188232536
5 0.4998285023748492 0.1612076501588605 0.088360894391219 0.196676176947517
5 0.43005159090945994 0.16468147767557034 0.11138895861557022 0.1892727800317721
5 0.5705947037543302 0.16869859618110097 0.09140400723608924 0.1951682240254177
5 0.3608921551338112 0.1712939419617554 0.16164126413349428 0.16517280681713328
5 0.6310408808235517 0.17913726420016424 0.10801829715018094 0.1845307329538714
5 0.6748794120312163 0.20805319682972406 0.1458524898232348 0.16177507142762995
5 0.29836117763504844 0.21555641071216733 0.19199050542706697 0.14853077759614006
5 0.7250088868164455 0.23629697361508528 0.17242163387576942 0.13257849512873604
5 0.23578593453245333 0.2457427426931041 0.19059177973732638 0.15162850405718978
5 0.7751793051792397 0.26375950040044654 0.2090208751693421 0.11604556006354425
5 0.1780243441888203 0.288524532060367 0.21395403663473136 0.1208148806803953
5 0.8137637703535306 0.3332458859521057 0.21551653663473153 0.12084215421934559
