5 0.59375 0.340625 0.15703125 0.19609375
5 0.434375 0.34375 0.17734375 0.19921875
5 0.16953125 0.346875 0.19609375 0.109375
5 0.853125 0.36953125 0.20625 0.090625
5 0.38203125 0.384375 0.18828125 0.14453125
5 0.6421875 0.38828125 0.21171875 0.15625
5 0.13046875 0.3921875 0.21484375 0.0859375
5 0.86328125 0.44453125 0.23203125 0.09453125
5 0.34375 0.4640625 0.2203125 0.1078125
5 0.1234375 0.4671875 0.21796875 0.0828125
5 0.6390625 0.50546875 0.21953125 0.1359375
5 0.85546875 0.5296875 0.23359375 0.14296875
5 0.11953125 0.5328125 0.21875 0.1265625
5 0.37421875 0.56953125 0.22578125 0.20390625
5 0.59453125 0.58359375 0.1921875 0.19375
5 0.84375 0.60234375 0.23515625 0.12734375
5 0.45546875 0.61015625 0.13359375 0.2421875
5 0.14140625 0.6109375 0.23203125 0.1609375
5 0.80390625 0.69140625 0.23203125 0.20703125
5 0.178125 0.73203125 0.24921875 0.2265625
5 0.725 0.7671875 0.203125 0.215625
5 0.640625 0.803125 0.16640625 0.24609375
5 0.25234375 0.80390625 0.16953125 0.28203125
5 0.5515625 0.82890625 0.12734375 0.25390625
5 0.3375 0.84453125 0.15 0.26484375
5 0.45234375 0.853125 0.115625 0.2578125
5 0.5078125 0.15234375 0.078125 0.1953125
5 0.43828125 0.15703125 0.1015625 0.18671875
5 0.57890625 0.15859375 0.08203125 0.19375
5 0.36953125 0.16484375 0.153125 0.16171875
5 0.63984375 0.16796875 0.0984375 0.1828125
5 0.68515625 0.19609375 0.13828125 0.16015625
5 0.309375 0.21015625 0.184375 0.1453125
5 0.73671875 0.2234375 0.16484375 0.1296875
5 0.2484375 0.24140625 0.1828125 0.1484375
5 0.78828125 0.25 0.203125 0.11328125
5 0.19296875 0.28515625 0.2078125 0.1171875
5 0.83046875 0.31875 0.21015625 0.1171875
