0 0.040865384615384616 0.20552884615384615 0.08173076923076923 0.12620192307692307
0 0.12980769230769232 0.5805288461538461 0.25961538461538464 0.13942307692307693
0 0.1310096153846154 0.0829326923076923 0.2608173076923077 0.1658653846153846
0 0.22235576923076922 0.44711538461538464 0.09134615384615384 0.06610576923076923
0 0.21995192307692307 0.2403846153846154 0.040865384615384616 0.0829326923076923
0 0.23798076923076922 0.23798076923076922 0.018028846153846152 0.07692307692307693
0 0.25240384615384615 0.24278846153846154 0.014423076923076924 0.08653846153846154
0 0.3004807692307692 0.23557692307692307 0.052884615384615384 0.09975961538461539
0 0.3245192307692308 0.5588942307692307 0.0985576923076923 0.09254807692307693
0 0.3233173076923077 0.1141826923076923 0.09375 0.0733173076923077
0 0.3317307692307692 0.6802884615384616 0.10216346153846154 0.040865384615384616
0 0.31850961538461536 0.4050480769230769 0.07451923076923077 0.15264423076923078
0 0.40625 0.18389423076923078 0.027644230769230768 0.1346153846153846
0 0.4098557692307692 0.3112980769230769 0.030048076923076924 0.0889423076923077
0 0.4795673076923077 0.7067307692307693 0.16947115384615385 0.09975961538461539
0 0.41947115384615385 0.4579326923076923 0.042067307692307696 0.051682692307692304
0 0.41346153846153844 0.5877403846153846 0.028846153846153848 0.109375
0 0.49399038461538464 0.8197115384615384 0.18870192307692307 0.109375
0 0.4338942307692308 0.23317307692307693 0.05889423076923077 0.042067307692307696
0 0.44591346153846156 0.34375 0.051682692307692304 0.04447115384615385
0 0.45552884615384615 0.6165865384615384 0.05889423076923077 0.018028846153846152
0 0.4699519230769231 0.6262019230769231 0.08653846153846154 0.020432692307692308
0 0.4675480769230769 0.20673076923076922 0.05048076923076923 0.08533653846153846
0 0.5012019230769231 0.3269230769230769 0.11177884615384616 0.0889423076923077
0 0.5060096153846154 0.47836538461538464 0.0673076923076923 0.013221153846153846
0 0.5204326923076923 0.23076923076923078 0.057692307692307696 0.06850961538461539
0 0.53125 0.4338942307692308 0.06370192307692307 0.09495192307692307
0 0.5456730769230769 0.5637019230769231 0.08173076923076923 0.1346153846153846
0 0.6442307692307693 0.1875 0.13581730769230768 0.1045673076923077
0 0.6322115384615384 0.33413461538461536 0.10576923076923077 0.021634615384615384
0 0.5889423076923077 0.28365384615384615 0.009615384615384616 0.09615384615384616
0 0.5997596153846154 0.6370192307692307 0.028846153846153848 0.05048076923076923
0 0.6009615384615384 0.8197115384615384 0.02403846153846154 0.10576923076923077
0 0.6550480769230769 0.5396634615384616 0.1310096153846154 0.09014423076923077
0 0.6586538461538461 0.43990384615384615 0.13822115384615385 0.08653846153846154
0 0.6310096153846154 0.6526442307692307 0.051682692307692304 0.018028846153846152
0 0.6586538461538461 0.30528846153846156 0.054086538461538464 0.06129807692307692
0 0.6947115384615384 0.6201923076923077 0.05048076923076923 0.04807692307692308
0 0.7163461538461539 0.5576923076923077 0.026442307692307692 0.055288461538461536
0 0.75 0.33533653846153844 0.02403846153846154 0.057692307692307696
0 0.7584134615384616 0.22235576923076922 0.038461538461538464 0.07211538461538461
0 0.7620192307692307 0.53125 0.026442307692307692 0.04447115384615385
0 0.7740384615384616 0.453125 0.051682692307692304 0.08533653846153846
0 0.7716346153846154 0.7776442307692307 0.037259615384615384 0.07572115384615384
0 0.7692307692307693 0.65625 0.026442307692307692 0.028846153846153848
0 0.9050480769230769 0.3088942307692308 0.12379807692307693 0.10096153846153846
0 0.9086538461538461 0.19591346153846154 0.12740384615384615 0.10216346153846154
0 0.9170673076923077 0.5348557692307693 0.13581730769230768 0.07932692307692307
0 0.8725961538461539 0.6394230769230769 0.013221153846153846 0.07932692307692307
0 0.9266826923076923 0.42908653846153844 0.11177884615384616 0.09254807692307693
0 0.9086538461538461 0.6574519230769231 0.056490384615384616 0.054086538461538464
0 0.8942307692307693 0.6358173076923077 0.026442307692307692 0.06370192307692307
0 0.9591346153846154 0.6586538461538461 0.056490384615384616 0.07932692307692307