0 0.03125 0.9639423076923077 0.06129807692307692 0.07091346153846154
0 0.04447115384615385 0.08052884615384616 0.0889423076923077 0.16105769230769232
0 0.4050480769230769 0.6514423076923077 0.056490384615384616 0.06971153846153846
0 0.5324519230769231 0.6454326923076923 0.19471153846153846 0.21153846153846154
0 0.7475961538461539 0.4543269230769231 0.13581730769230768 0.15865384615384615
0 0.7319711538461539 0.2776442307692308 0.09254807692307693 0.12379807692307693
0 0.7644230769230769 0.11658653846153846 0.15144230769230768 0.13221153846153846
0 0.7692307692307693 0.02403846153846154 0.14903846153846154 0.04807692307692308
0 0.8942307692307693 0.15504807692307693 0.08774038461538461 0.11298076923076923
0 0.9182692307692307 0.039663461538461536 0.10697115384615384 0.07932692307692307
0 0.9194711538461539 0.42908653846153844 0.0985576923076923 0.13221153846153846
0 0.9230769230769231 0.8221153846153846 0.07451923076923077 0.1502403846153846
0 0.921875 0.5588942307692307 0.051682692307692304 0.12860576923076922
0 0.9302884615384616 0.6875 0.04927884615384615 0.13581730769230768