5 0.43605247492717536 0.24126896766068176 0.10691054420664745 0.24274077792830412
5 0.7718057699917527 0.3329706252808838 0.1419962495377817 0.32258540818602893
5 0.4830100429530063 0.27337213873700944 0.11352425705962901 0.25556832654882305
5 0.8278655533778476 0.35619011928799 0.12050168276559177 0.28089587516934217
5 0.5400509678010394 0.4643556648562913 0.12165500580598768 0.2669152623244718
5 0.41140313057487854 0.4396721681356516 0.15059835972519603 0.2965142311168073
5 0.6013749127073321 0.4808305139063516 0.12418897241989288 0.24676653663473136
5 0.4716646806540208 0.4732526300305822 0.1322120725781776 0.3080315852552504
5 0.7289974590255508 0.5507036798942966 0.12421771615168672 0.3013721494796016
5 0.6648212987589941 0.5434400565339768 0.13275764185764966 0.32678158525525036
5 0.7950687399043632 0.5962894968321814 0.14580321113712175 0.3461866824962884
5 0.8611400207831755 0.641875313770066 0.15549645988348076 0.35761550542706677
5 0.9258962249271754 0.6641874050182103 0.14820755014564924 0.365428005427067
5 0.1823163388090065 0.6359419012886238 0.15457045737619812 0.3794086182719372
5 0.11395278371529927 0.6456201164629148 0.16206470862983932 0.368880554047586
5 0.31366327870073435 0.6997697851643934 0.1630649189755383 0.403255554047586
5 0.5232572390464334 0.7450767203742152 0.14712167022917946 0.39149918249628846
5 0.2510496184341776 0.6925880489592032 0.16761602665567024 0.3988137155129753
5 0.3860838479802065 0.722286594300362 0.15337167022917964 0.39182673111680744
5 0.4536123287798766 0.7375264919709412 0.14560463433580217 0.3929797953411587
5 0.5928710570722642 0.7783672551999243 0.1535080625490476 0.39651423111680745
5 0.7428088725908127 0.8174640968445533 0.14753084718878356 0.36507180631089325
5 0.6676724802709447 0.8181512929663095 0.15318981380268895 0.3636974140673811
