5 0.38671875 0.2328125 0.06484375 0.23046875
5 0.72734375 0.2546875 0.08671875 0.30546875
5 0.43671875 0.25546875 0.06953125 0.2421875
5 0.7859375 0.265625 0.071875 0.2671875
5 0.5171875 0.43359375 0.075 0.25234375
5 0.3875 0.4359375 0.1 0.27734375
5 0.5796875 0.43671875 0.0828125 0.23046875
5 0.45078125 0.45625 0.078125 0.29296875
5 0.71328125 0.4796875 0.071875 0.2875
5 0.65 0.4859375 0.075 0.31171875
5 0.784375 0.5109375 0.08515625 0.3296875
5 0.8546875 0.54296875 0.09296875 0.33984375
5 0.925 0.55078125 0.0921875 0.3484375
5 0.18828125 0.678125 0.08828125 0.3625
5 0.12265625 0.70234375 0.09765625 0.35
5 0.325 0.7140625 0.0921875 0.38515625
5 0.53671875 0.715625 0.07734375 0.3765625
5 0.2625 0.7203125 0.09765625 0.38046875
5 0.39921875 0.721875 0.084375 0.3765625
5 0.4671875 0.72265625 0.0765625 0.37890625
5 0.609375 0.734375 0.084375 0.38046875
5 0.7640625 0.76171875 0.075 0.39140625
5 0.6890625 0.76875 0.08515625 0.36875
