0 0.2247596153846154 0.5384615384615384 0.28725961538461536 0.8209134615384616
0 0.046875 0.5564903846153846 0.09254807692307693 0.1971153846153846
0 0.04807692307692308 0.06971153846153846 0.09615384615384616 0.13942307692307693
0 0.05048076923076923 0.3233173076923077 0.09975961538461539 0.1814903846153846
0 0.3004807692307692 0.07091346153846154 0.3605769230769231 0.14182692307692307
0 0.3942307692307692 0.3016826923076923 0.03125 0.14783653846153846
0 0.6742788461538461 0.31490384615384615 0.35096153846153844 0.21033653846153846
0 0.6802884615384616 0.07692307692307693 0.35096153846153844 0.15384615384615385
0 0.828125 0.5925480769230769 0.030048076923076924 0.17668269230769232
0 0.8353365384615384 0.8389423076923077 0.03485576923076923 0.1971153846153846
0 0.9375 0.5661057692307693 0.12139423076923077 0.22596153846153846
0 0.9375 0.8341346153846154 0.12139423076923077 0.21634615384615385
0 0.9387019230769231 0.078125 0.1201923076923077 0.15625
0 0.9399038461538461 0.30528846153846156 0.11899038461538461 0.21875