0 0.015625 0.6418269230769231 0.030048076923076924 0.7151442307692307
0 0.07091346153846154 0.5 0.13221153846153846 0.9987980769230769
0 0.1466346153846154 0.5721153846153846 0.1658653846153846 0.8353365384615384
0 0.28846153846153844 0.5576923076923077 0.11538461538461539 0.7788461538461539
0 0.3858173076923077 0.5384615384615384 0.09615384615384616 0.7524038461538461
0 0.47596153846153844 0.1346153846153846 0.06490384615384616 0.13221153846153846
0 0.4855769230769231 0.5348557692307693 0.08052884615384616 0.7283653846153846
0 0.6382211538461539 0.40024038461538464 0.2932692307692308 0.7752403846153846
0 0.5552884615384616 0.5084134615384616 0.09254807692307693 0.6730769230769231
0 0.6310096153846154 0.953125 0.22596153846153846 0.09134615384615384
0 0.7956730769230769 0.8822115384615384 0.4074519230769231 0.234375
0 0.6382211538461539 0.5132211538461539 0.0673076923076923 0.6502403846153846
0 0.7163461538461539 0.5 0.0733173076923077 0.6286057692307693
0 0.8052884615384616 0.4254807692307692 0.037259615384615384 0.6850961538461539
0 0.8569711538461539 0.40865384615384615 0.12860576923076922 0.6778846153846154
0 0.8485576923076923 0.43149038461538464 0.039663461538461536 0.6502403846153846
0 0.9086538461538461 0.4387019230769231 0.05889423076923077 0.6129807692307693
0 0.96875 0.40024038461538464 0.06009615384615385 0.6670673076923077