0 0.15264423076923078 0.4362980769230769 0.027644230769230768 0.05889423076923077
0 0.15625 0.3293269230769231 0.03365384615384615 0.0889423076923077
0 0.15865384615384615 0.5324519230769231 0.036057692307692304 0.07451923076923077
0 0.15865384615384615 0.24158653846153846 0.026442307692307692 0.056490384615384616
0 0.2403846153846154 0.3137019230769231 0.13581730769230768 0.0733173076923077
0 0.23918269230769232 0.22716346153846154 0.13221153846153846 0.0889423076923077
0 0.24879807692307693 0.4375 0.14302884615384615 0.06129807692307692
0 0.23197115384615385 0.6237980769230769 0.09495192307692307 0.0829326923076923
0 0.23557692307692307 0.5300480769230769 0.10096153846153846 0.08533653846153846
0 0.484375 0.703125 0.14423076923076922 0.15625
0 0.6634615384615384 0.7247596153846154 0.21033653846153846 0.15865384615384615
0 0.8822115384615384 0.7451923076923077 0.23557692307692307 0.17307692307692307