0 0.018028846153846152 0.5829326923076923 0.036057692307692304 0.06490384615384616
0 0.055288461538461536 0.6490384615384616 0.11057692307692307 0.0673076923076923
0 0.07572115384615384 0.296875 0.15144230769230768 0.025240384615384616
0 0.09134615384615384 0.3954326923076923 0.18269230769230768 0.037259615384615384
0 0.09254807692307693 0.359375 0.18509615384615385 0.06129807692307692
0 0.10817307692307693 0.41947115384615385 0.203125 0.04447115384615385
0 0.09975961538461539 0.32211538461538464 0.171875 0.037259615384615384
0 0.10697115384615384 0.48677884615384615 0.18269230769230768 0.07211538461538461
0 0.06490384615384616 0.6887019230769231 0.09375 0.07211538461538461
0 0.12139423076923077 0.44711538461538464 0.15144230769230768 0.04447115384615385
0 0.12860576923076922 0.5576923076923077 0.15625 0.08173076923076923
0 0.13221153846153846 0.4651442307692308 0.15625 0.04447115384615385
0 0.13822115384615385 0.5576923076923077 0.14903846153846154 0.08413461538461539
0 0.14302884615384615 0.5697115384615384 0.1346153846153846 0.07091346153846154
0 0.15264423076923078 0.6033653846153846 0.13942307692307693 0.08052884615384616
0 0.23918269230769232 0.2692307692307692 0.2548076923076923 0.10216346153846154
0 0.2548076923076923 0.10336538461538461 0.203125 0.08173076923076923
0 0.26802884615384615 0.3401442307692308 0.21514423076923078 0.09254807692307693
0 0.30649038461538464 0.9170673076923077 0.265625 0.16466346153846154
0 0.359375 0.7439903846153846 0.21634615384615385 0.10576923076923077
0 0.47115384615384615 0.44711538461538464 0.30288461538461536 0.6081730769230769
0 0.8161057692307693 0.6586538461538461 0.36658653846153844 0.6814903846153846