5 0.33046875 0.35390625 0.15625 0.0953125
5 0.415625 0.36484375 0.2296875 0.125
5 0.46484375 0.4171875 0.19140625 0.1078125
5 0.53359375 0.4484375 0.2390625 0.1265625
5 0.0921875 0.5234375 0.1796875 0.1359375
5 0.553125 0.5296875 0.20546875 0.13125
5 0.67734375 0.559375 0.27265625 0.2015625
5 0.18828125 0.5625 0.29140625 0.2
5 0.81796875 0.61875 0.2640625 0.12734375
5 0.28671875 0.66875 0.36484375 0.17265625
5 0.88359375 0.70703125 0.2328125 0.2109375
5 0.34609375 0.7234375 0.34140625 0.24140625
