5 0.30093992958942917 0.3684713641727081 0.17117065027015244 0.11795383225631965
5 0.38687742958942917 0.3664711466577774 0.249042679126093 0.15723584422416687
5 0.43995530037066893 0.41129203096645794 0.207653787293461 0.13441528685347243
5 0.5118203766868715 0.43225718797656204 0.2585268065307547 0.16057904977125012
5 0.08941216910614207 0.5703650917556249 0.17882433821228413 0.16079594889756965
5 0.5379984415703287 0.5097093875397217 0.2257143065307547 0.15981533035645867
5 0.6648238363981855 0.5215891788585063 0.30344249164729753 0.2396859747331252
5 0.17748503830495138 0.5953813159200693 0.3222470553496284 0.24168488582729192
5 0.8094716482864179 0.5595950590831242 0.2836359339354164 0.16428593123013915
5 0.2843674661651 0.6865674007418401 0.3903422909216581 0.22453505983923633
5 0.8660911813187097 0.6371193406182631 0.2301686827542902 0.24266419794763916
5 0.34835555509517435 0.7319149619122566 0.3785714664195541 0.28983275151861143
