5 0.34131448100526574 0.49574399810108344 0.17364994120271565 0.15890875244707062
5 0.5389674089789984 0.4740252216073956 0.17685018430531088 0.19021331614940157
5 0.13795710764494593 0.566790651999433 0.17332239258219667 0.1526587524470706
5 0.534958260403908 0.5654041897562301 0.1774300384437538 0.1715178798517325
5 0.15640281320829844 0.6761011646133047 0.1807188127540132 0.17475200725639423
5 0.5205062567858633 0.6626065719702153 0.18950067051050076 0.2530406983633867
5 0.1849981247191162 0.7554240768643569 0.18128537878738676 0.21532244355406327
5 0.4752922540723299 0.736708760081983 0.1552894448207603 0.25496529691210784
5 0.23998551786713979 0.8073114698781151 0.164091234734852 0.244355179126093
5 0.36502646144470463 0.8021651236916467 0.12165142921692809 0.267827395460829
5 0.2941440733850637 0.8303744584453696 0.14985167231952304 0.3000049784004538
5 0.44245542062610177 0.8127181885751039 0.15412973654387424 0.29235616950744614
5 0.30946245194530786 0.19584569102217456 0.12429175033868427 0.22892858656782167
5 0.254078911126705 0.21103667060375447 0.12618179895920328 0.23523315027015243
5 0.36340964552287275 0.19318199329176003 0.10258052464894378 0.23128969473518962
5 0.42924268543696453 0.20180053594269864 0.1234728787873868 0.21330358656782167
5 0.2024854336279422 0.2580679272271765 0.12725297602842475 0.2259127139724834
5 0.4717710221625529 0.25334318857510385 0.14132212008095948 0.19677085099579186
5 0.16664310888814135 0.31702626497612446 0.153406040252776 0.21902779691210794
5 0.5097723111721335 0.28710806416566703 0.1555550384437538 0.1707539880191004
5 0.131871961217562 0.38530503902274155 0.164923394391219 0.2007143065307547
5 0.32122771031305086 0.40286701733837715 0.1630466338757694 0.13514387023308566
5 0.5231144369073025 0.3747618315888622 0.1698631999091429 0.17593256134007812
5 0.13115158695273105 0.4734498797669143 0.1708524898232347 0.16504962504240908
