5 0.5097822772509355 0.3315574686121708 0.13828565128862386 0.168591287293461
5 0.8523991451841886 0.4006943266947207 0.19297979534115867 0.14086808057737182
5 0.15084436849907978 0.2762474975529293 0.18689356965141815 0.1437748257680484
5 0.5999635419502567 0.36661946017465025 0.18006371551297526 0.16225200725639422
5 0.4125387850528517 0.3419716681566838 0.17249687697836452 0.16666668874473983
5 0.6077140869527311 0.4568079505560034 0.20588923111680746 0.14911709019601868
5 0.10736328414834055 0.37680305826003524 0.19766729534115868 0.14103177168436448
5 0.3560187901412343 0.42348705218476745 0.19618668249628843 0.14253970798203355
5 0.8349925599289382 0.5245137726110367 0.1928979081860291 0.13930558057737183
5 0.5665358090244269 0.5580629157096131 0.1983157485296619 0.18316470798203355
5 0.3663211250578005 0.524503915161459 0.18729636137453215 0.18122026206571745
5 0.09583318153600642 0.4959895678786821 0.19166636307201285 0.1522420901960187
5 0.45609295398147276 0.5673784067239385 0.15036957146044044 0.1908482332097771
5 0.8040966847595958 0.6378867918483305 0.2086800384437538 0.17260915389834963
5 0.10934410674043478 0.591964266790223 0.21312187697836443 0.1680853450053421
5 0.7316241412274596 0.7261978128997226 0.21073386137453215 0.1820387176006804
5 0.15245561963073356 0.6770188238691318 0.20999023292582972 0.19760915389834963
5 0.6607483972203534 0.7840400839511149 0.17939533016686776 0.2090178798517325
5 0.22401635911528395 0.7400247661572508 0.17330910447712727 0.21192462504240908
5 0.5539285091607125 0.8135043838584476 0.1734728787873868 0.21504962504240907
5 0.3271103816165212 0.781654216249918 0.149625943011738 0.20641866950744614
5 0.43657391282418556 0.8059051933844273 0.16072721732199752 0.20992561542376223
5 0.4837088574178033 0.12971471561694584 0.13475121551297525 0.16066965988879933
5 0.5841249372459869 0.1480430749654402 0.12513055404758583 0.1556547776748142
5 0.6714268634106972 0.17852669393258142 0.14560682835784533 0.15948910580511533
5 0.37918513172806284 0.13024548367311317 0.12858310266810494 0.1620139050794759
5 0.750510175826026 0.23191209956021153 0.16098616689245623 0.15534724282842394
5 0.29567991293572726 0.16123507804548312 0.15004866689245625 0.15496529691210786
5 0.8182056088881413 0.29427320110415756 0.17735479534115867 0.14032244355406326
5 0.21160148405748352 0.20316217241785303 0.17184177973732648 0.15416668874473985
