5 0.49609375 0.34765625 0.1015625 0.146875
5 0.85234375 0.3546875 0.16875 0.1015625
5 0.12734375 0.35625 0.16171875 0.10546875
5 0.59453125 0.365625 0.14765625 0.12890625
5 0.403125 0.37421875 0.13984375 0.134375
5 0.62578125 0.4515625 0.1796875 0.10703125
5 0.1109375 0.4609375 0.1734375 0.10078125
5 0.36875 0.46328125 0.17109375 0.103125
5 0.8671875 0.478125 0.16875 0.09921875
5 0.6109375 0.55703125 0.1625 0.1453125
5 0.4046875 0.559375 0.1515625 0.146875
5 0.1234375 0.5796875 0.1796875 0.11015625
5 0.5046875 0.58515625 0.1078125 0.16796875
5 0.86640625 0.59296875 0.1765625 0.13203125
5 0.16875 0.66953125 0.18203125 0.12578125
5 0.81796875 0.69140625 0.1765625 0.140625
5 0.23359375 0.74453125 0.1703125 0.15859375
5 0.7625 0.759375 0.13359375 0.1796875
5 0.3203125 0.79296875 0.12734375 0.18359375
5 0.66484375 0.80703125 0.12578125 0.1875
5 0.4328125 0.815625 0.103125 0.184375
5 0.546875 0.81953125 0.1140625 0.18515625
5 0.41796875 0.15625 0.09921875 0.1390625
5 0.521875 0.15703125 0.09140625 0.1359375
5 0.61640625 0.17109375 0.1125 0.134375
5 0.31484375 0.175 0.0921875 0.1421875
5 0.7078125 0.209375 0.1296875 0.1265625
5 0.240625 0.21953125 0.11875 0.12734375
5 0.79140625 0.2578125 0.1515625 0.1046875
5 0.16875 0.275 0.1421875 0.121875
