0 0.203125 0.5 0.40625 0.9987980769230769
0 0.4675480769230769 0.32091346153846156 0.27403846153846156 0.28966346153846156
0 0.3713942307692308 0.11538461538461539 0.019230769230769232 0.040865384615384616
0 0.375 0.15504807692307693 0.02283653846153846 0.03125
0 0.3870192307692308 0.06971153846153846 0.025240384615384616 0.04927884615384615
0 0.3954326923076923 0.1141826923076923 0.037259615384615384 0.036057692307692304
0 0.39663461538461536 0.15745192307692307 0.025240384615384616 0.03125
0 0.4170673076923077 0.07451923076923077 0.025240384615384616 0.042067307692307696
0 0.41947115384615385 0.109375 0.01201923076923077 0.03245192307692308
0 0.5024038461538461 0.06370192307692307 0.036057692307692304 0.052884615384615384
0 0.53125 0.10096153846153846 0.026442307692307692 0.038461538461538464
0 0.5348557692307693 0.15384615384615385 0.021634615384615384 0.036057692307692304
0 0.5540865384615384 0.14783653846153846 0.039663461538461536 0.04326923076923077
0 0.5552884615384616 0.1045673076923077 0.02283653846153846 0.03485576923076923
0 0.5552884615384616 0.06370192307692307 0.02403846153846154 0.028846153846153848
0 0.5817307692307693 0.1045673076923077 0.025240384615384616 0.03485576923076923
0 0.5817307692307693 0.14302884615384615 0.025240384615384616 0.03485576923076923
0 0.5829326923076923 0.0625 0.027644230769230768 0.03485576923076923
0 0.6586538461538461 0.4423076923076923 0.14423076923076922 0.8846153846153846
0 0.5985576923076923 0.10216346153846154 0.007211538461538462 0.040865384615384616