3 0.078125 0.30408653846153844 0.07451923076923077 0.22956730769230768
3 0.22235576923076922 0.34375 0.046875 0.13822115384615385
3 0.38461538461538464 0.18389423076923078 0.056490384615384616 0.16826923076923078
3 0.49038461538461536 0.33533653846153844 0.07451923076923077 0.21514423076923078
3 0.6045673076923077 0.24879807692307693 0.05048076923076923 0.3245192307692308
3 0.7091346153846154 0.6358173076923077 0.0625 0.19471153846153846
3 0.8473557692307693 0.6838942307692307 0.0625 0.15625
3 0.9110576923076923 0.3425480769230769 0.0829326923076923 0.46875
3 0.7872596153846154 0.24639423076923078 0.078125 0.27403846153846156
3 0.734375 0.4050480769230769 0.040865384615384616 0.16466346153846154
3 0.27524038461538464 0.5132211538461539 0.055288461538461536 0.18028846153846154
3 0.11899038461538461 0.6959134615384616 0.052884615384615384 0.3161057692307692
