3 0.6790865384615384 0.7632211538461539 0.08173076923076923 0.33413461538461536
3 0.16947115384615385 0.8689903846153846 0.2403846153846154 0.13942307692307693
3 0.24879807692307693 0.26322115384615385 0.3737980769230769 0.35216346153846156
3 0.7319711538461539 0.16105769230769232 0.2668269230769231 0.32211538461538464
3 0.9146634615384616 0.12139423076923077 0.16947115384615385 0.14783653846153846
3 0.9471153846153846 0.42788461538461536 0.10096153846153846 0.39783653846153844
3 0.8629807692307693 0.4639423076923077 0.11899038461538461 0.33774038461538464
3 0.7668269230769231 0.4879807692307692 0.09375 0.3137019230769231
3 0.9350961538461539 0.8449519230769231 0.125 0.20432692307692307
3 0.8810096153846154 0.7067307692307693 0.16947115384615385 0.12379807692307693
3 0.7800480769230769 0.8064903846153846 0.125 0.2439903846153846
